FoamFile
{
    version     2.0;
    format      ascii;
    class       dictionary;
    location    "constant";
    object      purkinjeGraph;
}

rootNode
0;

pvjNodes
(20 40);

pvjLocations
(
    (0 0.166666666667 0.333333333333)
    (1 0.166666666667 0.333333333333)
);

conductionEdges
(
    (0 1 0.025 1)
    (1 2 0.025 1)
    (2 3 0.025 1)
    (3 4 0.025 1)
    (4 5 0.025 1)
    (5 6 0.025 1)
    (6 7 0.025 1)
    (7 8 0.025 1)
    (8 9 0.025 1)
    (9 10 0.025 1)
    (10 11 0.025 1)
    (11 12 0.025 1)
    (12 13 0.025 1)
    (13 14 0.025 1)
    (14 15 0.025 1)
    (15 16 0.025 1)
    (16 17 0.025 1)
    (17 18 0.025 1)
    (18 19 0.025 1)
    (19 20 0.025 1)
    (0 21 0.025 1)
    (21 22 0.025 1)
    (22 23 0.025 1)
    (23 24 0.025 1)
    (24 25 0.025 1)
    (25 26 0.025 1)
    (26 27 0.025 1)
    (27 28 0.025 1)
    (28 29 0.025 1)
    (29 30 0.025 1)
    (30 31 0.025 1)
    (31 32 0.025 1)
    (32 33 0.025 1)
    (33 34 0.025 1)
    (34 35 0.025 1)
    (35 36 0.025 1)
    (36 37 0.025 1)
    (37 38 0.025 1)
    (38 39 0.025 1)
    (39 40 0.025 1)
);

points
(
    (0.5 0.166666666667 0.333333333333)
    (0.475 0.166666666667 0.333333333333)
    (0.45 0.166666666667 0.333333333333)
    (0.425 0.166666666667 0.333333333333)
    (0.4 0.166666666667 0.333333333333)
    (0.375 0.166666666667 0.333333333333)
    (0.35 0.166666666667 0.333333333333)
    (0.325 0.166666666667 0.333333333333)
    (0.3 0.166666666667 0.333333333333)
    (0.275 0.166666666667 0.333333333333)
    (0.25 0.166666666667 0.333333333333)
    (0.225 0.166666666667 0.333333333333)
    (0.2 0.166666666667 0.333333333333)
    (0.175 0.166666666667 0.333333333333)
    (0.15 0.166666666667 0.333333333333)
    (0.125 0.166666666667 0.333333333333)
    (0.1 0.166666666667 0.333333333333)
    (0.075 0.166666666667 0.333333333333)
    (0.05 0.166666666667 0.333333333333)
    (0.025 0.166666666667 0.333333333333)
    (0 0.166666666667 0.333333333333)
    (0.525 0.166666666667 0.333333333333)
    (0.55 0.166666666667 0.333333333333)
    (0.575 0.166666666667 0.333333333333)
    (0.6 0.166666666667 0.333333333333)
    (0.625 0.166666666667 0.333333333333)
    (0.65 0.166666666667 0.333333333333)
    (0.675 0.166666666667 0.333333333333)
    (0.7 0.166666666667 0.333333333333)
    (0.725 0.166666666667 0.333333333333)
    (0.75 0.166666666667 0.333333333333)
    (0.775 0.166666666667 0.333333333333)
    (0.8 0.166666666667 0.333333333333)
    (0.825 0.166666666667 0.333333333333)
    (0.85 0.166666666667 0.333333333333)
    (0.875 0.166666666667 0.333333333333)
    (0.9 0.166666666667 0.333333333333)
    (0.925 0.166666666667 0.333333333333)
    (0.95 0.166666666667 0.333333333333)
    (0.975 0.166666666667 0.333333333333)
    (1 0.166666666667 0.333333333333)
);
