/*--------------------------------*- C++ -*----------------------------------*\
| =========                 |                                                 |
| \\      /  F ield         | OpenFOAM: The Open Source CFD Toolbox           |
|  \\    /   O peration     | cardiacFoam                                     |
|   \\  /    A nd           |                                                 |
|    \\/     M anipulation  |                                                 |
\*---------------------------------------------------------------------------*/
FoamFile
{
    version     2.0;
    format      ascii;
    class       volScalarField;
    location    "0";
    object      t;
}
// * * * * * * * * * * * * * * * * * * * * * * * * * * * * * * * * * * * * * //

// Transmural-distance field (0 = endocardium, 1 = epicardium). Assigned
// directly from each cell's fractional position along the block's local
// x-axis (blockMesh numbers a single hex block's cells with x fastest, then
// y, then z), giving a real, continuous, spatially varying transmural
// coordinate rather than a manufactured or single-valued field. Consumed by
// ionicHeterogeneity (mode transmuralBands) in constant/electroProperties
// and, via the same block, by eikonalECG personalizedTemplates.

dimensions      [0 0 0 0 0 0 0];

internalField   nonuniform List<scalar>
512
(
0.0625
0.1875
0.3125
0.4375
0.5625
0.6875
0.8125
0.9375
0.0625
0.1875
0.3125
0.4375
0.5625
0.6875
0.8125
0.9375
0.0625
0.1875
0.3125
0.4375
0.5625
0.6875
0.8125
0.9375
0.0625
0.1875
0.3125
0.4375
0.5625
0.6875
0.8125
0.9375
0.0625
0.1875
0.3125
0.4375
0.5625
0.6875
0.8125
0.9375
0.0625
0.1875
0.3125
0.4375
0.5625
0.6875
0.8125
0.9375
0.0625
0.1875
0.3125
0.4375
0.5625
0.6875
0.8125
0.9375
0.0625
0.1875
0.3125
0.4375
0.5625
0.6875
0.8125
0.9375
0.0625
0.1875
0.3125
0.4375
0.5625
0.6875
0.8125
0.9375
0.0625
0.1875
0.3125
0.4375
0.5625
0.6875
0.8125
0.9375
0.0625
0.1875
0.3125
0.4375
0.5625
0.6875
0.8125
0.9375
0.0625
0.1875
0.3125
0.4375
0.5625
0.6875
0.8125
0.9375
0.0625
0.1875
0.3125
0.4375
0.5625
0.6875
0.8125
0.9375
0.0625
0.1875
0.3125
0.4375
0.5625
0.6875
0.8125
0.9375
0.0625
0.1875
0.3125
0.4375
0.5625
0.6875
0.8125
0.9375
0.0625
0.1875
0.3125
0.4375
0.5625
0.6875
0.8125
0.9375
0.0625
0.1875
0.3125
0.4375
0.5625
0.6875
0.8125
0.9375
0.0625
0.1875
0.3125
0.4375
0.5625
0.6875
0.8125
0.9375
0.0625
0.1875
0.3125
0.4375
0.5625
0.6875
0.8125
0.9375
0.0625
0.1875
0.3125
0.4375
0.5625
0.6875
0.8125
0.9375
0.0625
0.1875
0.3125
0.4375
0.5625
0.6875
0.8125
0.9375
0.0625
0.1875
0.3125
0.4375
0.5625
0.6875
0.8125
0.9375
0.0625
0.1875
0.3125
0.4375
0.5625
0.6875
0.8125
0.9375
0.0625
0.1875
0.3125
0.4375
0.5625
0.6875
0.8125
0.9375
0.0625
0.1875
0.3125
0.4375
0.5625
0.6875
0.8125
0.9375
0.0625
0.1875
0.3125
0.4375
0.5625
0.6875
0.8125
0.9375
0.0625
0.1875
0.3125
0.4375
0.5625
0.6875
0.8125
0.9375
0.0625
0.1875
0.3125
0.4375
0.5625
0.6875
0.8125
0.9375
0.0625
0.1875
0.3125
0.4375
0.5625
0.6875
0.8125
0.9375
0.0625
0.1875
0.3125
0.4375
0.5625
0.6875
0.8125
0.9375
0.0625
0.1875
0.3125
0.4375
0.5625
0.6875
0.8125
0.9375
0.0625
0.1875
0.3125
0.4375
0.5625
0.6875
0.8125
0.9375
0.0625
0.1875
0.3125
0.4375
0.5625
0.6875
0.8125
0.9375
0.0625
0.1875
0.3125
0.4375
0.5625
0.6875
0.8125
0.9375
0.0625
0.1875
0.3125
0.4375
0.5625
0.6875
0.8125
0.9375
0.0625
0.1875
0.3125
0.4375
0.5625
0.6875
0.8125
0.9375
0.0625
0.1875
0.3125
0.4375
0.5625
0.6875
0.8125
0.9375
0.0625
0.1875
0.3125
0.4375
0.5625
0.6875
0.8125
0.9375
0.0625
0.1875
0.3125
0.4375
0.5625
0.6875
0.8125
0.9375
0.0625
0.1875
0.3125
0.4375
0.5625
0.6875
0.8125
0.9375
0.0625
0.1875
0.3125
0.4375
0.5625
0.6875
0.8125
0.9375
0.0625
0.1875
0.3125
0.4375
0.5625
0.6875
0.8125
0.9375
0.0625
0.1875
0.3125
0.4375
0.5625
0.6875
0.8125
0.9375
0.0625
0.1875
0.3125
0.4375
0.5625
0.6875
0.8125
0.9375
0.0625
0.1875
0.3125
0.4375
0.5625
0.6875
0.8125
0.9375
0.0625
0.1875
0.3125
0.4375
0.5625
0.6875
0.8125
0.9375
0.0625
0.1875
0.3125
0.4375
0.5625
0.6875
0.8125
0.9375
0.0625
0.1875
0.3125
0.4375
0.5625
0.6875
0.8125
0.9375
0.0625
0.1875
0.3125
0.4375
0.5625
0.6875
0.8125
0.9375
0.0625
0.1875
0.3125
0.4375
0.5625
0.6875
0.8125
0.9375
0.0625
0.1875
0.3125
0.4375
0.5625
0.6875
0.8125
0.9375
0.0625
0.1875
0.3125
0.4375
0.5625
0.6875
0.8125
0.9375
0.0625
0.1875
0.3125
0.4375
0.5625
0.6875
0.8125
0.9375
0.0625
0.1875
0.3125
0.4375
0.5625
0.6875
0.8125
0.9375
0.0625
0.1875
0.3125
0.4375
0.5625
0.6875
0.8125
0.9375
0.0625
0.1875
0.3125
0.4375
0.5625
0.6875
0.8125
0.9375
0.0625
0.1875
0.3125
0.4375
0.5625
0.6875
0.8125
0.9375
0.0625
0.1875
0.3125
0.4375
0.5625
0.6875
0.8125
0.9375
0.0625
0.1875
0.3125
0.4375
0.5625
0.6875
0.8125
0.9375
0.0625
0.1875
0.3125
0.4375
0.5625
0.6875
0.8125
0.9375
0.0625
0.1875
0.3125
0.4375
0.5625
0.6875
0.8125
0.9375
0.0625
0.1875
0.3125
0.4375
0.5625
0.6875
0.8125
0.9375
0.0625
0.1875
0.3125
0.4375
0.5625
0.6875
0.8125
0.9375
0.0625
0.1875
0.3125
0.4375
0.5625
0.6875
0.8125
0.9375
)

;

boundaryField
{
    ".*"
    {
        type            zeroGradient;
    }
}

// ************************************************************************* //
