FoamFile
{
    version     2.0;
    format      ascii;
    class       dictionary;
    location    "constant";
    object      purkinjeGraph;
}
// * * * * * * * * * * * * * * * * * * * * * * * * * * * * * * * * * * * * * //
// Four straight branches from the root, subdivided into 0.25 mm segments so
// monodomain1DSolver has a cable to integrate. Nodes 0-4 are the branch
// points and keep their indices; nodes 5 onwards are interior.
//
//              2  (35, 40)
//             /
//   0 ---- 1 ---- 4  (45, 25)
//             \
//              3  (35, 10)
//
// conductionEdges is (nodeA nodeB length conductance).

rootNode
0;

pvjNodes
(2 3 4);

pvjLocations
(
    (0.035 0.040 0.00005)
    (0.035 0.010 0.00005)
    (0.045 0.025 0.00005)
);

conductionEdges
376
(
    (0 5 0.00025 1)
    (5 6 0.00025 1)
    (6 7 0.00025 1)
    (7 8 0.00025 1)
    (8 9 0.00025 1)
    (9 10 0.00025 1)
    (10 11 0.00025 1)
    (11 12 0.00025 1)
    (12 13 0.00025 1)
    (13 14 0.00025 1)
    (14 15 0.00025 1)
    (15 16 0.00025 1)
    (16 17 0.00025 1)
    (17 18 0.00025 1)
    (18 19 0.00025 1)
    (19 20 0.00025 1)
    (20 21 0.00025 1)
    (21 22 0.00025 1)
    (22 23 0.00025 1)
    (23 24 0.00025 1)
    (24 25 0.00025 1)
    (25 26 0.00025 1)
    (26 27 0.00025 1)
    (27 28 0.00025 1)
    (28 29 0.00025 1)
    (29 30 0.00025 1)
    (30 31 0.00025 1)
    (31 32 0.00025 1)
    (32 33 0.00025 1)
    (33 34 0.00025 1)
    (34 35 0.00025 1)
    (35 36 0.00025 1)
    (36 37 0.00025 1)
    (37 38 0.00025 1)
    (38 39 0.00025 1)
    (39 40 0.00025 1)
    (40 41 0.00025 1)
    (41 42 0.00025 1)
    (42 43 0.00025 1)
    (43 44 0.00025 1)
    (44 45 0.00025 1)
    (45 46 0.00025 1)
    (46 47 0.00025 1)
    (47 48 0.00025 1)
    (48 49 0.00025 1)
    (49 50 0.00025 1)
    (50 51 0.00025 1)
    (51 52 0.00025 1)
    (52 53 0.00025 1)
    (53 54 0.00025 1)
    (54 55 0.00025 1)
    (55 56 0.00025 1)
    (56 57 0.00025 1)
    (57 58 0.00025 1)
    (58 59 0.00025 1)
    (59 1 0.00025 1)
    (1 60 0.00025 1)
    (60 61 0.00025 1)
    (61 62 0.00025 1)
    (62 63 0.00025 1)
    (63 64 0.00025 1)
    (64 65 0.00025 1)
    (65 66 0.00025 1)
    (66 67 0.00025 1)
    (67 68 0.00025 1)
    (68 69 0.00025 1)
    (69 70 0.00025 1)
    (70 71 0.00025 1)
    (71 72 0.00025 1)
    (72 73 0.00025 1)
    (73 74 0.00025 1)
    (74 75 0.00025 1)
    (75 76 0.00025 1)
    (76 77 0.00025 1)
    (77 78 0.00025 1)
    (78 79 0.00025 1)
    (79 80 0.00025 1)
    (80 81 0.00025 1)
    (81 82 0.00025 1)
    (82 83 0.00025 1)
    (83 84 0.00025 1)
    (84 85 0.00025 1)
    (85 86 0.00025 1)
    (86 87 0.00025 1)
    (87 88 0.00025 1)
    (88 89 0.00025 1)
    (89 90 0.00025 1)
    (90 91 0.00025 1)
    (91 92 0.00025 1)
    (92 93 0.00025 1)
    (93 94 0.00025 1)
    (94 95 0.00025 1)
    (95 96 0.00025 1)
    (96 97 0.00025 1)
    (97 98 0.00025 1)
    (98 99 0.00025 1)
    (99 100 0.00025 1)
    (100 101 0.00025 1)
    (101 102 0.00025 1)
    (102 103 0.00025 1)
    (103 104 0.00025 1)
    (104 105 0.00025 1)
    (105 106 0.00025 1)
    (106 107 0.00025 1)
    (107 108 0.00025 1)
    (108 109 0.00025 1)
    (109 110 0.00025 1)
    (110 111 0.00025 1)
    (111 112 0.00025 1)
    (112 113 0.00025 1)
    (113 114 0.00025 1)
    (114 115 0.00025 1)
    (115 116 0.00025 1)
    (116 117 0.00025 1)
    (117 118 0.00025 1)
    (118 119 0.00025 1)
    (119 120 0.00025 1)
    (120 121 0.00025 1)
    (121 122 0.00025 1)
    (122 123 0.00025 1)
    (123 124 0.00025 1)
    (124 125 0.00025 1)
    (125 126 0.00025 1)
    (126 127 0.00025 1)
    (127 128 0.00025 1)
    (128 129 0.00025 1)
    (129 130 0.00025 1)
    (130 131 0.00025 1)
    (131 132 0.00025 1)
    (132 133 0.00025 1)
    (133 134 0.00025 1)
    (134 135 0.00025 1)
    (135 136 0.00025 1)
    (136 137 0.00025 1)
    (137 138 0.00025 1)
    (138 139 0.00025 1)
    (139 140 0.00025 1)
    (140 141 0.00025 1)
    (141 142 0.00025 1)
    (142 143 0.00025 1)
    (143 144 0.00025 1)
    (144 145 0.00025 1)
    (145 146 0.00025 1)
    (146 147 0.00025 1)
    (147 148 0.00025 1)
    (148 149 0.00025 1)
    (149 150 0.00025 1)
    (150 151 0.00025 1)
    (151 152 0.00025 1)
    (152 153 0.00025 1)
    (153 154 0.00025 1)
    (154 155 0.00025 1)
    (155 156 0.00025 1)
    (156 157 0.00025 1)
    (157 158 0.00025 1)
    (158 2 0.00025 1)
    (1 159 0.00025 1)
    (159 160 0.00025 1)
    (160 161 0.00025 1)
    (161 162 0.00025 1)
    (162 163 0.00025 1)
    (163 164 0.00025 1)
    (164 165 0.00025 1)
    (165 166 0.00025 1)
    (166 167 0.00025 1)
    (167 168 0.00025 1)
    (168 169 0.00025 1)
    (169 170 0.00025 1)
    (170 171 0.00025 1)
    (171 172 0.00025 1)
    (172 173 0.00025 1)
    (173 174 0.00025 1)
    (174 175 0.00025 1)
    (175 176 0.00025 1)
    (176 177 0.00025 1)
    (177 178 0.00025 1)
    (178 179 0.00025 1)
    (179 180 0.00025 1)
    (180 181 0.00025 1)
    (181 182 0.00025 1)
    (182 183 0.00025 1)
    (183 184 0.00025 1)
    (184 185 0.00025 1)
    (185 186 0.00025 1)
    (186 187 0.00025 1)
    (187 188 0.00025 1)
    (188 189 0.00025 1)
    (189 190 0.00025 1)
    (190 191 0.00025 1)
    (191 192 0.00025 1)
    (192 193 0.00025 1)
    (193 194 0.00025 1)
    (194 195 0.00025 1)
    (195 196 0.00025 1)
    (196 197 0.00025 1)
    (197 198 0.00025 1)
    (198 199 0.00025 1)
    (199 200 0.00025 1)
    (200 201 0.00025 1)
    (201 202 0.00025 1)
    (202 203 0.00025 1)
    (203 204 0.00025 1)
    (204 205 0.00025 1)
    (205 206 0.00025 1)
    (206 207 0.00025 1)
    (207 208 0.00025 1)
    (208 209 0.00025 1)
    (209 210 0.00025 1)
    (210 211 0.00025 1)
    (211 212 0.00025 1)
    (212 213 0.00025 1)
    (213 214 0.00025 1)
    (214 215 0.00025 1)
    (215 216 0.00025 1)
    (216 217 0.00025 1)
    (217 218 0.00025 1)
    (218 219 0.00025 1)
    (219 220 0.00025 1)
    (220 221 0.00025 1)
    (221 222 0.00025 1)
    (222 223 0.00025 1)
    (223 224 0.00025 1)
    (224 225 0.00025 1)
    (225 226 0.00025 1)
    (226 227 0.00025 1)
    (227 228 0.00025 1)
    (228 229 0.00025 1)
    (229 230 0.00025 1)
    (230 231 0.00025 1)
    (231 232 0.00025 1)
    (232 233 0.00025 1)
    (233 234 0.00025 1)
    (234 235 0.00025 1)
    (235 236 0.00025 1)
    (236 237 0.00025 1)
    (237 238 0.00025 1)
    (238 239 0.00025 1)
    (239 240 0.00025 1)
    (240 241 0.00025 1)
    (241 242 0.00025 1)
    (242 243 0.00025 1)
    (243 244 0.00025 1)
    (244 245 0.00025 1)
    (245 246 0.00025 1)
    (246 247 0.00025 1)
    (247 248 0.00025 1)
    (248 249 0.00025 1)
    (249 250 0.00025 1)
    (250 251 0.00025 1)
    (251 252 0.00025 1)
    (252 253 0.00025 1)
    (253 254 0.00025 1)
    (254 255 0.00025 1)
    (255 256 0.00025 1)
    (256 257 0.00025 1)
    (257 3 0.00025 1)
    (1 258 0.00025 1)
    (258 259 0.00025 1)
    (259 260 0.00025 1)
    (260 261 0.00025 1)
    (261 262 0.00025 1)
    (262 263 0.00025 1)
    (263 264 0.00025 1)
    (264 265 0.00025 1)
    (265 266 0.00025 1)
    (266 267 0.00025 1)
    (267 268 0.00025 1)
    (268 269 0.00025 1)
    (269 270 0.00025 1)
    (270 271 0.00025 1)
    (271 272 0.00025 1)
    (272 273 0.00025 1)
    (273 274 0.00025 1)
    (274 275 0.00025 1)
    (275 276 0.00025 1)
    (276 277 0.00025 1)
    (277 278 0.00025 1)
    (278 279 0.00025 1)
    (279 280 0.00025 1)
    (280 281 0.00025 1)
    (281 282 0.00025 1)
    (282 283 0.00025 1)
    (283 284 0.00025 1)
    (284 285 0.00025 1)
    (285 286 0.00025 1)
    (286 287 0.00025 1)
    (287 288 0.00025 1)
    (288 289 0.00025 1)
    (289 290 0.00025 1)
    (290 291 0.00025 1)
    (291 292 0.00025 1)
    (292 293 0.00025 1)
    (293 294 0.00025 1)
    (294 295 0.00025 1)
    (295 296 0.00025 1)
    (296 297 0.00025 1)
    (297 298 0.00025 1)
    (298 299 0.00025 1)
    (299 300 0.00025 1)
    (300 301 0.00025 1)
    (301 302 0.00025 1)
    (302 303 0.00025 1)
    (303 304 0.00025 1)
    (304 305 0.00025 1)
    (305 306 0.00025 1)
    (306 307 0.00025 1)
    (307 308 0.00025 1)
    (308 309 0.00025 1)
    (309 310 0.00025 1)
    (310 311 0.00025 1)
    (311 312 0.00025 1)
    (312 313 0.00025 1)
    (313 314 0.00025 1)
    (314 315 0.00025 1)
    (315 316 0.00025 1)
    (316 317 0.00025 1)
    (317 318 0.00025 1)
    (318 319 0.00025 1)
    (319 320 0.00025 1)
    (320 321 0.00025 1)
    (321 322 0.00025 1)
    (322 323 0.00025 1)
    (323 324 0.00025 1)
    (324 325 0.00025 1)
    (325 326 0.00025 1)
    (326 327 0.00025 1)
    (327 328 0.00025 1)
    (328 329 0.00025 1)
    (329 330 0.00025 1)
    (330 331 0.00025 1)
    (331 332 0.00025 1)
    (332 333 0.00025 1)
    (333 334 0.00025 1)
    (334 335 0.00025 1)
    (335 336 0.00025 1)
    (336 337 0.00025 1)
    (337 338 0.00025 1)
    (338 339 0.00025 1)
    (339 340 0.00025 1)
    (340 341 0.00025 1)
    (341 342 0.00025 1)
    (342 343 0.00025 1)
    (343 344 0.00025 1)
    (344 345 0.00025 1)
    (345 346 0.00025 1)
    (346 347 0.00025 1)
    (347 348 0.00025 1)
    (348 349 0.00025 1)
    (349 350 0.00025 1)
    (350 351 0.00025 1)
    (351 352 0.00025 1)
    (352 353 0.00025 1)
    (353 354 0.00025 1)
    (354 355 0.00025 1)
    (355 356 0.00025 1)
    (356 357 0.00025 1)
    (357 358 0.00025 1)
    (358 359 0.00025 1)
    (359 360 0.00025 1)
    (360 361 0.00025 1)
    (361 362 0.00025 1)
    (362 363 0.00025 1)
    (363 364 0.00025 1)
    (364 365 0.00025 1)
    (365 366 0.00025 1)
    (366 367 0.00025 1)
    (367 368 0.00025 1)
    (368 369 0.00025 1)
    (369 370 0.00025 1)
    (370 371 0.00025 1)
    (371 372 0.00025 1)
    (372 373 0.00025 1)
    (373 374 0.00025 1)
    (374 375 0.00025 1)
    (375 376 0.00025 1)
    (376 4 0.00025 1)
);

points
377
(
    (0.001 0.025 5e-05)
    (0.015 0.025 5e-05)
    (0.035 0.04 5e-05)
    (0.035 0.01 5e-05)
    (0.045 0.025 5e-05)
    (0.00125 0.025 5e-05)
    (0.0015 0.025 5e-05)
    (0.00175 0.025 5e-05)
    (0.002 0.025 5e-05)
    (0.00225 0.025 5e-05)
    (0.0025 0.025 5e-05)
    (0.00275 0.025 5e-05)
    (0.003 0.025 5e-05)
    (0.00325 0.025 5e-05)
    (0.0035 0.025 5e-05)
    (0.00375 0.025 5e-05)
    (0.004 0.025 5e-05)
    (0.00425 0.025 5e-05)
    (0.0045 0.025 5e-05)
    (0.00475 0.025 5e-05)
    (0.005 0.025 5e-05)
    (0.00525 0.025 5e-05)
    (0.0055 0.025 5e-05)
    (0.00575 0.025 5e-05)
    (0.006 0.025 5e-05)
    (0.00625 0.025 5e-05)
    (0.0065 0.025 5e-05)
    (0.00675 0.025 5e-05)
    (0.007 0.025 5e-05)
    (0.00725 0.025 5e-05)
    (0.0075 0.025 5e-05)
    (0.00775 0.025 5e-05)
    (0.008 0.025 5e-05)
    (0.00825 0.025 5e-05)
    (0.0085 0.025 5e-05)
    (0.00875 0.025 5e-05)
    (0.009 0.025 5e-05)
    (0.00925 0.025 5e-05)
    (0.0095 0.025 5e-05)
    (0.00975 0.025 5e-05)
    (0.01 0.025 5e-05)
    (0.01025 0.025 5e-05)
    (0.0105 0.025 5e-05)
    (0.01075 0.025 5e-05)
    (0.011 0.025 5e-05)
    (0.01125 0.025 5e-05)
    (0.0115 0.025 5e-05)
    (0.01175 0.025 5e-05)
    (0.012 0.025 5e-05)
    (0.01225 0.025 5e-05)
    (0.0125 0.025 5e-05)
    (0.01275 0.025 5e-05)
    (0.013 0.025 5e-05)
    (0.01325 0.025 5e-05)
    (0.0135 0.025 5e-05)
    (0.01375 0.025 5e-05)
    (0.014 0.025 5e-05)
    (0.01425 0.025 5e-05)
    (0.0145 0.025 5e-05)
    (0.01475 0.025 5e-05)
    (0.0152 0.02515 5e-05)
    (0.0154 0.0253 5e-05)
    (0.0156 0.02545 5e-05)
    (0.0158 0.0256 5e-05)
    (0.016 0.02575 5e-05)
    (0.0162 0.0259 5e-05)
    (0.0164 0.02605 5e-05)
    (0.0166 0.0262 5e-05)
    (0.0168 0.02635 5e-05)
    (0.017 0.0265 5e-05)
    (0.0172 0.02665 5e-05)
    (0.0174 0.0268 5e-05)
    (0.0176 0.02695 5e-05)
    (0.0178 0.0271 5e-05)
    (0.018 0.02725 5e-05)
    (0.0182 0.0274 5e-05)
    (0.0184 0.02755 5e-05)
    (0.0186 0.0277 5e-05)
    (0.0188 0.02785 5e-05)
    (0.019 0.028 5e-05)
    (0.0192 0.02815 5e-05)
    (0.0194 0.0283 5e-05)
    (0.0196 0.02845 5e-05)
    (0.0198 0.0286 5e-05)
    (0.02 0.02875 5e-05)
    (0.0202 0.0289 5e-05)
    (0.0204 0.02905 5e-05)
    (0.0206 0.0292 5e-05)
    (0.0208 0.02935 5e-05)
    (0.021 0.0295 5e-05)
    (0.0212 0.02965 5e-05)
    (0.0214 0.0298 5e-05)
    (0.0216 0.02995 5e-05)
    (0.0218 0.0301 5e-05)
    (0.022 0.03025 5e-05)
    (0.0222 0.0304 5e-05)
    (0.0224 0.03055 5e-05)
    (0.0226 0.0307 5e-05)
    (0.0228 0.03085 5e-05)
    (0.023 0.031 5e-05)
    (0.0232 0.03115 5e-05)
    (0.0234 0.0313 5e-05)
    (0.0236 0.03145 5e-05)
    (0.0238 0.0316 5e-05)
    (0.024 0.03175 5e-05)
    (0.0242 0.0319 5e-05)
    (0.0244 0.03205 5e-05)
    (0.0246 0.0322 5e-05)
    (0.0248 0.03235 5e-05)
    (0.025 0.0325 5e-05)
    (0.0252 0.03265 5e-05)
    (0.0254 0.0328 5e-05)
    (0.0256 0.03295 5e-05)
    (0.0258 0.0331 5e-05)
    (0.026 0.03325 5e-05)
    (0.0262 0.0334 5e-05)
    (0.0264 0.03355 5e-05)
    (0.0266 0.0337 5e-05)
    (0.0268 0.03385 5e-05)
    (0.027 0.034 5e-05)
    (0.0272 0.03415 5e-05)
    (0.0274 0.0343 5e-05)
    (0.0276 0.03445 5e-05)
    (0.0278 0.0346 5e-05)
    (0.028 0.03475 5e-05)
    (0.0282 0.0349 5e-05)
    (0.0284 0.03505 5e-05)
    (0.0286 0.0352 5e-05)
    (0.0288 0.03535 5e-05)
    (0.029 0.0355 5e-05)
    (0.0292 0.03565 5e-05)
    (0.0294 0.0358 5e-05)
    (0.0296 0.03595 5e-05)
    (0.0298 0.0361 5e-05)
    (0.03 0.03625 5e-05)
    (0.0302 0.0364 5e-05)
    (0.0304 0.03655 5e-05)
    (0.0306 0.0367 5e-05)
    (0.0308 0.03685 5e-05)
    (0.031 0.037 5e-05)
    (0.0312 0.03715 5e-05)
    (0.0314 0.0373 5e-05)
    (0.0316 0.03745 5e-05)
    (0.0318 0.0376 5e-05)
    (0.032 0.03775 5e-05)
    (0.0322 0.0379 5e-05)
    (0.0324 0.03805 5e-05)
    (0.0326 0.0382 5e-05)
    (0.0328 0.03835 5e-05)
    (0.033 0.0385 5e-05)
    (0.0332 0.03865 5e-05)
    (0.0334 0.0388 5e-05)
    (0.0336 0.03895 5e-05)
    (0.0338 0.0391 5e-05)
    (0.034 0.03925 5e-05)
    (0.0342 0.0394 5e-05)
    (0.0344 0.03955 5e-05)
    (0.0346 0.0397 5e-05)
    (0.0348 0.03985 5e-05)
    (0.0152 0.02485 5e-05)
    (0.0154 0.0247 5e-05)
    (0.0156 0.02455 5e-05)
    (0.0158 0.0244 5e-05)
    (0.016 0.02425 5e-05)
    (0.0162 0.0241 5e-05)
    (0.0164 0.02395 5e-05)
    (0.0166 0.0238 5e-05)
    (0.0168 0.02365 5e-05)
    (0.017 0.0235 5e-05)
    (0.0172 0.02335 5e-05)
    (0.0174 0.0232 5e-05)
    (0.0176 0.02305 5e-05)
    (0.0178 0.0229 5e-05)
    (0.018 0.02275 5e-05)
    (0.0182 0.0226 5e-05)
    (0.0184 0.02245 5e-05)
    (0.0186 0.0223 5e-05)
    (0.0188 0.02215 5e-05)
    (0.019 0.022 5e-05)
    (0.0192 0.02185 5e-05)
    (0.0194 0.0217 5e-05)
    (0.0196 0.02155 5e-05)
    (0.0198 0.0214 5e-05)
    (0.02 0.02125 5e-05)
    (0.0202 0.0211 5e-05)
    (0.0204 0.02095 5e-05)
    (0.0206 0.0208 5e-05)
    (0.0208 0.02065 5e-05)
    (0.021 0.0205 5e-05)
    (0.0212 0.02035 5e-05)
    (0.0214 0.0202 5e-05)
    (0.0216 0.02005 5e-05)
    (0.0218 0.0199 5e-05)
    (0.022 0.01975 5e-05)
    (0.0222 0.0196 5e-05)
    (0.0224 0.01945 5e-05)
    (0.0226 0.0193 5e-05)
    (0.0228 0.01915 5e-05)
    (0.023 0.019 5e-05)
    (0.0232 0.01885 5e-05)
    (0.0234 0.0187 5e-05)
    (0.0236 0.01855 5e-05)
    (0.0238 0.0184 5e-05)
    (0.024 0.01825 5e-05)
    (0.0242 0.0181 5e-05)
    (0.0244 0.01795 5e-05)
    (0.0246 0.0178 5e-05)
    (0.0248 0.01765 5e-05)
    (0.025 0.0175 5e-05)
    (0.0252 0.01735 5e-05)
    (0.0254 0.0172 5e-05)
    (0.0256 0.01705 5e-05)
    (0.0258 0.0169 5e-05)
    (0.026 0.01675 5e-05)
    (0.0262 0.0166 5e-05)
    (0.0264 0.01645 5e-05)
    (0.0266 0.0163 5e-05)
    (0.0268 0.01615 5e-05)
    (0.027 0.016 5e-05)
    (0.0272 0.01585 5e-05)
    (0.0274 0.0157 5e-05)
    (0.0276 0.01555 5e-05)
    (0.0278 0.0154 5e-05)
    (0.028 0.01525 5e-05)
    (0.0282 0.0151 5e-05)
    (0.0284 0.01495 5e-05)
    (0.0286 0.0148 5e-05)
    (0.0288 0.01465 5e-05)
    (0.029 0.0145 5e-05)
    (0.0292 0.01435 5e-05)
    (0.0294 0.0142 5e-05)
    (0.0296 0.01405 5e-05)
    (0.0298 0.0139 5e-05)
    (0.03 0.01375 5e-05)
    (0.0302 0.0136 5e-05)
    (0.0304 0.01345 5e-05)
    (0.0306 0.0133 5e-05)
    (0.0308 0.01315 5e-05)
    (0.031 0.013 5e-05)
    (0.0312 0.01285 5e-05)
    (0.0314 0.0127 5e-05)
    (0.0316 0.01255 5e-05)
    (0.0318 0.0124 5e-05)
    (0.032 0.01225 5e-05)
    (0.0322 0.0121 5e-05)
    (0.0324 0.01195 5e-05)
    (0.0326 0.0118 5e-05)
    (0.0328 0.01165 5e-05)
    (0.033 0.0115 5e-05)
    (0.0332 0.01135 5e-05)
    (0.0334 0.0112 5e-05)
    (0.0336 0.01105 5e-05)
    (0.0338 0.0109 5e-05)
    (0.034 0.01075 5e-05)
    (0.0342 0.0106 5e-05)
    (0.0344 0.01045 5e-05)
    (0.0346 0.0103 5e-05)
    (0.0348 0.01015 5e-05)
    (0.01525 0.025 5e-05)
    (0.0155 0.025 5e-05)
    (0.01575 0.025 5e-05)
    (0.016 0.025 5e-05)
    (0.01625 0.025 5e-05)
    (0.0165 0.025 5e-05)
    (0.01675 0.025 5e-05)
    (0.017 0.025 5e-05)
    (0.01725 0.025 5e-05)
    (0.0175 0.025 5e-05)
    (0.01775 0.025 5e-05)
    (0.018 0.025 5e-05)
    (0.01825 0.025 5e-05)
    (0.0185 0.025 5e-05)
    (0.01875 0.025 5e-05)
    (0.019 0.025 5e-05)
    (0.01925 0.025 5e-05)
    (0.0195 0.025 5e-05)
    (0.01975 0.025 5e-05)
    (0.02 0.025 5e-05)
    (0.02025 0.025 5e-05)
    (0.0205 0.025 5e-05)
    (0.02075 0.025 5e-05)
    (0.021 0.025 5e-05)
    (0.02125 0.025 5e-05)
    (0.0215 0.025 5e-05)
    (0.02175 0.025 5e-05)
    (0.022 0.025 5e-05)
    (0.02225 0.025 5e-05)
    (0.0225 0.025 5e-05)
    (0.02275 0.025 5e-05)
    (0.023 0.025 5e-05)
    (0.02325 0.025 5e-05)
    (0.0235 0.025 5e-05)
    (0.02375 0.025 5e-05)
    (0.024 0.025 5e-05)
    (0.02425 0.025 5e-05)
    (0.0245 0.025 5e-05)
    (0.02475 0.025 5e-05)
    (0.025 0.025 5e-05)
    (0.02525 0.025 5e-05)
    (0.0255 0.025 5e-05)
    (0.02575 0.025 5e-05)
    (0.026 0.025 5e-05)
    (0.02625 0.025 5e-05)
    (0.0265 0.025 5e-05)
    (0.02675 0.025 5e-05)
    (0.027 0.025 5e-05)
    (0.02725 0.025 5e-05)
    (0.0275 0.025 5e-05)
    (0.02775 0.025 5e-05)
    (0.028 0.025 5e-05)
    (0.02825 0.025 5e-05)
    (0.0285 0.025 5e-05)
    (0.02875 0.025 5e-05)
    (0.029 0.025 5e-05)
    (0.02925 0.025 5e-05)
    (0.0295 0.025 5e-05)
    (0.02975 0.025 5e-05)
    (0.03 0.025 5e-05)
    (0.03025 0.025 5e-05)
    (0.0305 0.025 5e-05)
    (0.03075 0.025 5e-05)
    (0.031 0.025 5e-05)
    (0.03125 0.025 5e-05)
    (0.0315 0.025 5e-05)
    (0.03175 0.025 5e-05)
    (0.032 0.025 5e-05)
    (0.03225 0.025 5e-05)
    (0.0325 0.025 5e-05)
    (0.03275 0.025 5e-05)
    (0.033 0.025 5e-05)
    (0.03325 0.025 5e-05)
    (0.0335 0.025 5e-05)
    (0.03375 0.025 5e-05)
    (0.034 0.025 5e-05)
    (0.03425 0.025 5e-05)
    (0.0345 0.025 5e-05)
    (0.03475 0.025 5e-05)
    (0.035 0.025 5e-05)
    (0.03525 0.025 5e-05)
    (0.0355 0.025 5e-05)
    (0.03575 0.025 5e-05)
    (0.036 0.025 5e-05)
    (0.03625 0.025 5e-05)
    (0.0365 0.025 5e-05)
    (0.03675 0.025 5e-05)
    (0.037 0.025 5e-05)
    (0.03725 0.025 5e-05)
    (0.0375 0.025 5e-05)
    (0.03775 0.025 5e-05)
    (0.038 0.025 5e-05)
    (0.03825 0.025 5e-05)
    (0.0385 0.025 5e-05)
    (0.03875 0.025 5e-05)
    (0.039 0.025 5e-05)
    (0.03925 0.025 5e-05)
    (0.0395 0.025 5e-05)
    (0.03975 0.025 5e-05)
    (0.04 0.025 5e-05)
    (0.04025 0.025 5e-05)
    (0.0405 0.025 5e-05)
    (0.04075 0.025 5e-05)
    (0.041 0.025 5e-05)
    (0.04125 0.025 5e-05)
    (0.0415 0.025 5e-05)
    (0.04175 0.025 5e-05)
    (0.042 0.025 5e-05)
    (0.04225 0.025 5e-05)
    (0.0425 0.025 5e-05)
    (0.04275 0.025 5e-05)
    (0.043 0.025 5e-05)
    (0.04325 0.025 5e-05)
    (0.0435 0.025 5e-05)
    (0.04375 0.025 5e-05)
    (0.044 0.025 5e-05)
    (0.04425 0.025 5e-05)
    (0.0445 0.025 5e-05)
    (0.04475 0.025 5e-05)
);

// ************************************************************************* //
